000001
000001001
000001002
000001003
000002
000002101
000002501
000002901
000002902
000003
000004
000005
000006
000007
000010
000011
000015
000016
000035101
000059101
000073101
000075501
000075503
000075504
000075505
000075506
000075507
000075508
000076901
000079101
000100102
000100104
000100105
000100106
000100107
000100110
000100111
000100112
000100113
000100114
000100115
000100116
000100117
000100118
000100119
000100123
000100125
000100126
000100127
000100128
000100129
000100130
000100136
000100137
000100143
000100145
000100153
000100158
000100159
000100163
000100164
000100165
000100167
000100168
000100169
000100170
000100171
000100172
000100175
000100176
000100180
000100181
000100182
000100184
000100185
000100188
000100189
000100190
000100191
000100701
000100702
000100703
000100704
000100705
000100706
000100707
000100801
000100802
000100803
000100804
000100805
000100806
000100807
000100808
000100809
000100810
000100811
000100812
000100813
000100814
000100815
000100817
000100818
000100819
000100820
000100821
000100822
000100823
000101
000102
000103
000104
000105
000106
000107
000108
000109
000110
000111
000112
000113
000114
000115
000116
000117
000118
000200701
000200801
000200802
000200803
000200804
000200805
000201
000202
000203
000204
000205
000206
000207
000208
000209
000210
000210401
000210701
000210801
000210802
000210803
000212
000213
000214
000220801
000220802
000250701
000250702
000270701
000270801
000270802
000270803
000270804
000270805
000270806
000270807
000270808
000270809
000270810
000270811
000270812
000270813
000270814
000270815
000270816
000270817
000270818
000270819
000270820
000270821
000270822
000270823
000270824
000270825
000270826
000270827
000280801
000290101
000290102
000290103
000290104
000290106
000290107
000290109
000290110
000290111
000290112
000290801
000290802
000290803
000290804
000290805
000301
000302
000303
000304
000305
000306
000307
000308
000309
000310
000311
000312
000313
000314
000315
000316
000317
000318
000401
000403
000404
000405
000406
000407
000408
000409
000410
000501
000502
000503
000504
000505
000506
000507
000508
000510
000511
000512
000513
003510801
003710813
007690823
007910802
0181022000000176
0190104000529132
0190104000529134
0190107000000003
0190109000000007
0190115000000004
0190115000000005
0190118000000003
0190121000000003
0190218000000003
0190226000000003
0190312000000003
0190312000000004
0190315000000003
0190315000000005
0190402000000004
0190402000000005
0190402000000007
0190402000000008
0190408000000003
0190417000000005
0190417000000006
0190417000000007
0190417000000009
0190417000000010
0190417000000011
0190505000000004
0190524000000003
0190524000000004
0190524000000005
0190528000000004
0190528109
0190611000000005
0190612000000004
0190614000000005
0190614000000007
0190614000000008
0190617000000003
0190618000000003
0190618000000004
0190618000000006
0190618000000007
0190618000000010
0190618000000011
0190619000000003
0190619000000004
0190619000000005
0190619000000006
0190619000000008
0190619000000009
0190619000000010
0190619000000011
0190619000000016
0190619000000017
0190619000000018
0190619000000021
0190619000000022
0190620000000004
0190620000000005
0190620000000006
0190620000000007
0190620000000008
0190620000000009
0190620000000010
0190620000000011
0190620000000012
0190620000000013
0190620000000014
0190620000000015
0190620000000016
0190620000000017
0190620000000018
0190620000000020
0190620000000021
0190620000000022
0190620000000031
0190620000000033
0190620000000041
0190620000000046
0190620000000047
0190620000000054
0190620000000055
0190620000000056
0190621000000008
0190621000000009
0190625000000031
0190626000000020
0190626000000021
0190626000000383
0190627000000003
0190627000000043
0190701000000004
0190701000000005
0190701000000008
0190701000000010
0190701000000011
0190701000000012
0190701000000013
0190701000000014
0190701000000015
0190701000000016
0190701000000018
0190701000000019
0190701000000020
0190701000000021
0190701000000023
0190701000000024
0190701000000025
0190701000000026
0190701000000031
0190701000000039
0190701000000046
0190701000000049
0190701000000050
0190705000000003
0190705000000004
0190705000000005
0190718000000003
0190801000000009
0190802000000005
0190802000000006
0190803000000003
0190805000000004
0190807000000024
0190807000000025
0190807000000026
0190807000000027
0190807000000028
0190807000000029
0190807000000030
0190808000000003
0190814000000014
0190814000000015
0190815000000005
0190911000000007
0190911000000011
0190916000000005
0190916000000010
0190916000000011
0190916000000015
0190917000000007
0190918000000004
0190918000000005
0190918000000006
0190918000000007
0190919000000003
0190919000000004
0190919000000005
0190919000000006
0190919000000007
0190919000000008
0190919000000009
0190919000000011
0190919000000012
0190919000000013
0190919000000014
0190919000000015
0190919000000016
0190920000000004
0190923000000003
0190923000000004
0190923000000005
0190923000000006
0190923000000007
0190923000000008
0190923000000009
0190923000000010
0190923000000011
0190923000000012
0190924000000004
027010112
028010277
180524002
180524003
180524004
180524006
180524007
180524008
180525001
180525004
180528006
180529002
180529005
180530004
180530006
180530007
180530008
180530009
180530010
180530012
180531003
180531004
180531005
180604003
180604004
180605004
180605005
180605010
180606002
180606005
180607012
180608001
180608002
180611002
180611005
180612003
180612004
180612005
180613001
180613004
180614001
180615002
180615004
180615006
180619001
180619002
180619003
180620002
180620005
180620006
190430005
190523108
190619001
190801004
311010139
591010166
731010270
755990102
757010104
757010196
769010102
769010217